10137
10262
10589
10682
10994
11122
11258
11841
11842
12251
12415
1254
14370
14371
14372
14374
14375
14376
14377
14378
14379
14381
14382
15123
16512
16621
16913
19865
19947
20013
20754
22966
23124
23447
23550
23608
26340
30075
31962
32051
32139
32214
32255
34842
35176
35248
35512
35913
35964
35990
36005
36030
36062
39118
39177
39211
39220
39284
39311
42823
42989
43106
43406
43478
43736
43846
43965
44613
44614
45163
45808
47013
47014
47015
47017
47018
47019
47020
47021
47022
47023
47024
49049
49148
49421
53617
53788
53901
54198
54277
54576
54702
54842
55455
55456
55916
56100
56260
56677
56741
57928
57929
57930
57931
57932
57933
57934
57937
57938
57939
57940
57941
57987
57988
57989
57990
57991
57993
57994
57995
57996
57997
57998
57999
58000
58002
58003
58004
58005
58006
58007
58008
58009
58010
58011
58012
58013
58014
58016
58017
58018
58019
58020
58021
58022
58023
58024
58025
58026
58028
58029
58030
58031
58032
58033
58034
58035
58036
58037
58038
58039
58042
58043
58044
58045
58046
58047
58048
58049
58050
58051
58052
58053
58055
58056
58057
58058
58059
58112
58113
58114
58115
58116
58117
58118
58119
58120
58122
58123
58124
58125
58126
58127
58128
58129
58130
58131
58132
58133
60196
60286
60557
63153
63236
63297
64056
65928
66098
66191
66304
66428
66525
66583
69378
69747
69748
69803
69911
70101
70526
70585
70607
70622
70760
74014
74117
76186
76933
77139
77393
779
78743
78752
78753
78754
78756
78757
78758
78759
78760
78761
78762
78763
78764
78765
78767
78768
78769
78770
78772
78775
78778
78779
78780
78781
78782
78783
78784
78785
78786
78787
78789
78790
78791
78792
78793
78794
78795
78796
78797
78798
78799
78800
78801
78802
78803
78804
78805
78806
78807
78809
78810
78811
78812
78813
78814
78815
78816
78817
78820
78822
78823
78824
78825
78826
78827
78828
78829
78832
78833
78834
78835
78836
78837
78838
78839
78840
78841
78842
78843
78844
78845
78846
78847
78848
78849
78851
78852
78853
78854
78855
78856
78857
78858
78859
78860
78861
78864
78865
78866
78867
78868
78869
78870
78871
78872
78873
78874
78875
78876
78878
78879
78880
78881
78882
78883
78884
78885
78887
78888
78889
78891
78893
78894
78895
78896
78898
78899
78900
78901
78902
78903
78904
78905
78906
78907
78908
78909
78929
78930
78931
78932
78933
78934
78935
78936
78937
78938
78939
78940
78941
78943
78944
78945
78946
78947
78949
78950
78951
78953
78954
78955
78956
78957
78958
78959
78960
78961
78962
78963
78965
78966
78967
78968
78970
78971
78972
78973
78974
78975
78976
78977
78978
78980
78981
78982
78983
78984
78985
78986
78987
78988
78989
78990
78991
78992
78993
78994
78995
78996
78997
79000
79001
79002
79003
79004
79006
79007
79008
79010
79011
79012
79013
79014
79015
79016
79017
79018
79021
79022
79023
79024
79025
79026
79027
79028
79029
79030
79031
79032
79033
79034
79035
79036
79037
79039
79040
79041
79042
79043
79044
79045
79046
79047
79048
79049
79050
79052
79053
79054
79055
79056
79057
79058
79059
79060
79061
79062
79063
79064
79066
79067
79069
79070
79072
80856
81597
84606
90274
90278
90726
9233
9957
