4
5
6
7
10
11
12
13
14
15
16
17
18
19
20
21
22
23
24
25
26
27
28
30
31
32
33
34
35
36
37
38
39
40
41
42
43
44
45
46
48
49
50
51
52
53
54
55
56
57
58
59
60
61
62
63
65
66
67
68
69
70
71
72
73
74
75
76
77
78
79
80
81
82
83
84
85
86
88
89
90
91
92
93
94
95
96
97
98
99
100
101
102
103
104
105
106
107
108
109
110
111
112
113
114
115
117
118
119
120
121
122
123
124
125
126
127
128
129
130
131
133
134
135
136
137
138
139
140
141
142
143
144
145
146
147
149
150
151
152
153
154
155
156
157
158
159
160
162
163
164
165
166
167
168
169
170
171
172
173
174
175
176
177
178
179
180
181
183
184
185
186
187
188
189
191
192
193
194
195
196
197
198
199
201
202
203
205
206
207
208
209
210
211
214
215
216
217
218
219
220
221
223
224
225
226
227
228
229
230
231
232
233
234
235
237
238
239
240
241
242
243
244
245
246
247
249
250
251
252
253
254
255
256
257
258
260
261
262
263
264
265
266
267
268
271
272
273
274
275
276
277
278
279
280
281
282
283
284
285
286
287
288
289
290
291
292
293
294
295
296
297
298
300
301
302
303
304
305
306
307
308
309
310
311
312
313
314
315
316
317
318
319
320
321
322
323
324
325
326
327
328
329
330
331
332
333
334
336
337
338
339
340
341
342
343
344
345
346
347
348
349
350
351
352
353
354
355
356
357
358
359
360
361
362
363
364
365
366
367
368
370
371
372
373
374
375
376
377
378
379
380
381
382
383
384
385
386
387
388
389
390
391
392
393
394
395
396
398
399
400
401
402
403
404
405
406
407
408
409
410
411
412
413
414
415
417
418
419
420
421
422
423
424
425
426
427
428
429
430
431
432
433
434
435
436
437
439
440
441
442
443
444
445
446
447
448
449
450
451
452
453
454
455
456
457
458
459
460
461
462
463
464
465
466
468
469
470
471
472
473
474
475
476
477
478
479
480
481
482
483
484
485
486
487
488
489
490
491
493
494
495
496
497
498
499
500
501
502
503
504
505
506
507
508
509
510
511
512
513
514
515
517
518
519
520
521
522
523
524
525
526
527
528
529
530
531
532
533
534
535
537
538
539
540
541
542
543
544
545
546
547
548
549
550
551
552
553
554
555
556
557
558
559
560
561
562
563
565
566
567
568
569
570
571
572
573
574
575
576
577
578
579
580
581
582
583
584
585
586
587
588
589
591
592
593
594
595
596
597
598
599
600
601
602
603
604
605
606
607
608
609
610
611
612
614
615
616
617
618
619
620
621
622
623
624
625
626
627
628
629
630
631
633
634
635
636
637
638
639
640
641
642
643
644
645
646
648
649
650
651
652
653
654
655
656
657
658
659
660
661
662
663
664
665
666
667
668
669
670
673
674
675
676
677
678
679
680
681
682
683
684
685
686
687
688
689
690
691
692
693
694
695
696
697
698
699
700
701
702
703
704
705
706
707
708
709
710
711
712
713
714
715
716
717
719
720
721
722
723
724
725
726
727
728
729
730
731
732
733
734
735
736
737
738
739
740
741
742
743
744
745
746
747
748
749
750
751
752
753
754
755
757
758
759
760
761
762
763
764
765
766
767
768
769
770
771
772
773
774
775
776
777
778
780
781
782
783
784
785
786
787
788
789
790
791
793
794
795
796
797
798
799
800
801
802
803
804
805
806
807
808
809
810
811
812
813
814
815
816
817
818
819
821
822
823
824
825
826
827
828
829
830
831
832
833
834
835
836
837
839
840
841
842
843
844
845
846
847
848
849
850
851
852
853
854
855
856
857
858
859
860
861
862
863
864
865
866
867
868
869
871
872
873
874
875
876
877
878
879
880
881
882
883
884
885
886
887
888
889
890
891
892
893
894
895
896
897
898
899
900
901
902
903
904
905
906
907
908
910
911
912
913
914
915
916
917
918
919
920
921
922
923
925
926
927
928
929
930
931
932
933
934
935
936
937
938
939
940
941
942
943
944
945
946
947
949
950
951
952
953
954
955
956
957
958
959
960
961
962
963
964
965
966
967
968
969
970
971
973
974
975
976
977
978
979
980
981
982
983
984
985
986
987
988
989
990
991
992
993
994
995
997
998
999
1000
1001
1002
1003
1004
1005
1006
1007
1008
1009
1010
1011
1012
1013
1014
1015
1016
1017
1018
1019
1020
1021
1022
1024
1025
1026
1027
1028
1029
1030
1031
1032
1033
1034
1035
1036
1038
1039
1040
1041
1042
1043
1044
1045
1046
1047
1048
1049
1050
1051
1052
1053
1054
1055
1056
1057
1058
1059
1060
1061
1062
1064
1065
1066
1067
1068
1069
1070
1071
1072
1073
1074
1075
1076
1077
1078
1079
1081
1082
1083
1084
1085
1086
1087
1088
1089
1090
1091
1092
1093
1094
1095
1096
1097
1099
1100
1101
1102
1103
1104
1105
1106
1107
1108
1109
1110
1111
1112
1113
1114
1115
1116
1117
1118
1120
1121
1122
1123
1124
1125
1126
1127
1128
1129
1130
1131
1132
1133
1134
1136
1137
1138
1139
1140
1141
1142
1143
1144
1145
1146
1147
1148
1150
1151
1152
1153
1154
1155
1156
1157
1159
1160
1161
1162
1163
1164
1165
1166
1167
1168
1169
1170
1171
1172
1173
1174
1176
1177
1178
1179
1180
1181
1182
1183
1184
1185
1186
1188
1189
1190
1191
1192
1193
1194
1195
1196
1197
1198
1199
1200
1202
1203
1204
1205
1206
1209
1210
1211
1212
1213
1214
1215
1216
1217
1218
1219
1220
1221
1222
1223
1224
1225
1226
1227
1228
1229
1230
1231
1232
1234
1235
1236
1237
1238
1239
1240
1241
1242
1243
1244
1245
1246
1247
1248
1249
1250
1251
1252
1253
1255
1256
1257
1258
1259
1260
1261
1262
1264
1265
1266
1268
1269
1270
1271
1272
1273
1274
1275
1276
1277
1278
1279
1280
1281
1282
1283
1284
1285
1286
1287
1288
1289
1290
1291
1292
1293
1294
1297
1298
1299
1301
1302
1303
1304
1305
1306
1308
1309
1310
1311
1312
1313
1314
1315
1316
1317
1318
1319
1321
1323
1324
1325
1326
1327
1328
1329
1330
1331
1333
1334
1335
1336
1337
1338
1339
1340
1341
1342
1343
1344
1345
1346
1347
1348
1349
1350
1351
1352
1353
1354
1355
1356
1357
1358
1359
1360
1361
1363
1364
1365
1366
1367
1368
1369
1370
1371
1372
1373
1374
1375
1376
1377
1378
1379
1380
1381
1382
1383
1384
1385
1387
1388
1390
1391
1393
1395
1396
1397
1398
1399
1400
1401
1402
1403
1404
1405
1406
1407
1408
1409
1410
1411
1412
1413
1414
1415
1416
1417
1418
1419
1421
1422
1423
1424
1425
1426
1427
1428
1429
1430
1431
1432
1433
1434
1435
1437
1438
1439
1441
1442
1443
1444
1445
1446
1447
1448
1449
1450
1451
1452
1453
1454
1455
1456
1457
1458
1460
1461
1462
1463
1464
1465
1466
1467
1468
1469
1470
1471
1472
1473
1474
1475
1477
1478
1479
1480
1481
1482
1483
1484
1485
1486
1487
1488
1489
1490
1491
1494
1495
1496
1497
1498
1499
1500
1501
1502
1503
1504
1505
1506
1507
1508
1509
1510
1511
1512
1513
1514
1516
1517
1518
1519
1520
1521
1522
1523
1524
1525
1526
1527
1528
1529
1530
1531
1532
1533
1534
1535
1536
1537
1538
1539
1540
1541
1542
1543
1544
1545
1546
1547
1548
1549
1550
1551
1552
1553
1554
1555
1556
1557
1558
1560
1561
1562
1563
1564
1565
1566
1567
1568
1569
1570
1571
1572
1573
1574
1575
1576
1578
1579
1580
1581
1582
1583
1584
1585
1586
1587
1588
1589
1590
1591
1592
1593
1594
1595
1596
1597
1598
1599
1600
1601
1602
1603
1604
1605
1606
1607
1608
1609
1610
1611
1612
1613
1614
1615
1616
1617
1618
1619
1620
1622
1623
1624
1625
1626
1627
1628
1629
1630
1631
1632
1633
1634
1635
1636
1637
1638
1639
1640
1641
1642
1643
1644
1645
1646
1647
1648
1649
1650
1651
1652
1653
1655
1656
1657
1658
1659
1660
1661
1662
1663
1664
1665
1666
1667
1668
1669
1670
1671
1673
1674
1675
1676
1677
1678
1679
1680
1681
1682
1683
1684
1685
1686
1687
1688
1689
1690
1691
1692
1693
1694
1695
1696
1697
1698
1699
1701
1702
1703
1704
1705
1706
1707
1708
1709
1710
1711
1712
1713
1714
1715
1716
1717
1718
1719
1720
1721
1722
1723
1724
1725
1727
1728
1729
1730
1731
1732
1733
1734
1735
1736
1737
1738
1739
1740
1741
1742
1743
1744
1745
1746
1747
1748
1749
1750
1751
1752
1754
1755
1756
1757
1758
1759
1760
1761
1762
1763
1764
1765
1766
1767
1768
1769
1770
1771
1772
1773
1774
1775
1776
1777
1779
1780
1781
1782
1783
1784
1785
1786
1787
1788
1789
1790
1791
1792
1793
1794
1795
1796
1797
1798
1799
1800
1801
1802
1803
1805
1806
1807
1808
1809
1810
1811
1812
1813
1814
1815
1816
1817
1818
1819
1820
1821
1822
1823
1826
1827
1828
1829
1830
1831
1832
1833
1834
1835
1836
1837
1838
1839
1840
1841
1842
1843
1844
1845
1846
1847
1848
1849
1850
1851
1852
1853
1855
1856
1857
1858
1859
1860
1861
1862
1863
1864
1865
1866
1867
1868
1869
1870
1871
1872
1873
1874
1875
1876
1877
1878
1879
1880
1881
1882
1884
1885
1886
1887
1888
1889
1890
1891
1892
1893
1894
1895
1896
1897
1898
1899
1900
1901
1902
1903
1904
1905
1906
1907
1908
1909
1910
1911
1912
1913
1914
1915
1916
1917
1918
1919
1920
1921
1922
1923
1924
1925
1926
1927
1928
1929
1930
1931
1932
1933
1934
1935
1937
1938
1939
1940
1941
1942
1943
1944
1945
1946
1947
1948
1949
1950
1951
1952
1953
1954
1955
1956
1957
1958
1959
1960
1961
1962
1963
1964
1965
1966
1967
1968
1969
1970
1971
1972
1973
1974
1975
1976
1977
1978
1979
1980
1981
1982
1983
1985
1986
1987
1988
1989
1990
1991
1992
1993
1994
1995
1996
1997
1998
1999
2000
2001
2002
2003
2004
2005
2006
2007
2008
2009
2010
2011
2012
2013
2014
2015
2016
2017
2018
2019
2020
2021
2022
2023
2025
2026
2027
2028
2029
2030
2031
2032
2033
2034
2035
2036
2037
2038
2039
2040
2041
2042
2043
2044
2045
2046
2047
2048
2049
2050
2051
2052
2053
2054
2055
2056
2057
2058
2059
2061
2062
2063
2064
2065
2066
2067
2068
2069
2070
2071
2072
2073
2074
2075
2076
2077
2078
2079
2080
2081
2082
2083
2084
2085
2086
2087
2088
2089
2090
2091
2092
2094
2095
2096
2097
2098
2099
2100
2101
2102
2103
2104
2105
2106
2107
2108
2109
2110
2111
2112
2113
2114
2115
2116
2117
2118
2119
2121
2122
2123
2124
2125
2126
2127
2128
2129
2130
2131
2132
2133
2135
2136
2137
2138
2139
2140
2141
2142
2143
2144
2145
2146
2147
2148
2149
2150
2151
2152
2153
2154
2155
2156
2157
2158
2159
2160
2161
2162
2163
2164
2165
2166
2167
2168
2169
2170
2171
2172
2173
2174
2175
2176
2177
2178
2179
2180
2181
2182
2183
2184
2186
2187
2188
2189
2190
2191
2192
2193
2194
2195
2196
2197
2198
2199
2200
2201
2202
2203
2204
2205
2206
2207
2208
2209
2210
2211
2212
2213
2214
2215
2216
2217
2218
2219
2220
2221
2222
2223
2224
2225
2226
2227
2228
2229
2230
2231
2232
2234
2235
2236
2237
2238
2239
2240
2241
2242
2243
2244
2245
2246
2247
2248
2249
2250
2251
2252
2253
2254
2255
2256
2257
2258
2259
2260
2261
2262
2264
2265
2266
2267
2268
2269
2270
2271
2272
2273
2274
2275
2276
2277
2278
2279
2280
2282
2283
2284
2285
2286
2287
2288
2289
2290
2291
2292
2293
2295
2296
2297
2298
2299
2300
2301
2302
2303
2304
2305
2306
2307
2309
2310
2311
2312
2313
2314
2315
2316
2317
2318
2319
2320
2321
2322
2323
2324
2325
2326
2327
2328
2329
2330
2331
2332
2333
2334
2335
2336
2337
2338
2339
2340
2342
2343
2344
2345
2346
2347
2348
2349
2350
2351
2352
2353
2354
2355
2356
2358
2359
2360
2361
2362
2363
2364
2365
2366
2367
2368
2369
2370
2371
2372
2373
2374
2375
2377
2378
2379
2380
2381
2382
2383
2384
2385
2386
2387
2388
2389
2390
2392
2393
2394
2395
2396
2397
2398
2399
2400
2401
2402
2403
2404
2406
2407
2408
2409
2410
2411
2412
2413
2414
2415
2416
2417
2419
2420
2421
2422
2423
2424
2426
2427
2428
2429
2430
2431
2432
2433
2434
2435
2436
2437
2438
2439
2440
2441
2442
2443
2444
2445
2446
2447
2448
2449
2450
2451
2454
2455
2456
2457
2458
2459
2460
2461
2462
2463
2464
2465
2466
2467
2468
2469
2470
2471
2472
2473
2474
2475
2476
2477
2478
2479
2480
2481
2483
2484
2485
2486
2487
2488
2489
2490
2491
2492
2493
2494
2495
2496
2497
2498
2499
2500
2501
2502
2503
2504
2505
2506
2507
2508
2509
2510
2511
2512
2513
2514
2515
2516
2517
2518
2519
2520
2521
2522
2523
2524
2525
2526
2528
2529
2530
2531
2532
2534
2535
2536
2537
2538
2539
2540
2541
2542
2543
2544
2545
2546
2547
2548
2549
2550
2551
2552
2553
2554
2555
2556
2557
2558
2559
2560
2561
2562
2563
2564
2565
2566
2567
2569
2570
2571
2572
2573
2574
2575
2576
2577
2578
2579
2580
2581
2582
2583
2584
2585
2586
2587
2588
2589
2590
2591
2592
2593
2594
2595
2596
2597
2598
2599
2600
2602
2603
2604
2605
2606
2607
2609
2610
2611
2612
2613
2614
2615
2616
2617
2619
2620
2621
2622
2623
2624
2625
2626
2627
2628
2629
2630
2631
2632
2633
2634
2635
2636
2637
2638
2639
2640
2641
2642
2643
2644
2645
2646
2647
2648
2649
2650
2651
2652
2653
2654
2655
2656
2657
2658
2659
2660
2661
2662
2663
2665
2666
2667
2668
2669
2670
2671
2672
2673
2674
2675
2676
2677
2678
2681
2682
2683
2684
2685
2686
2687
2688
2689
2690
2691
2692
2693
2694
2695
2696
2697
2698
2699
2700
2702
2703
2704
2705
2706
2707
2708
2709
2710
2711
2712
2713
2714
2715
2716
2717
2718
2721
2722
2723
2724
2725
2726
2727
2728
2729
2730
2731
2732
2733
2734
2735
2736
2737
2738
2739
2740
2741
2742
2743
2744
2745
2746
2747
2748
2749
2751
2752
2753
2754
2755
2756
2757
2758
2759
2760
2761
2762
2763
2764
2765
2766
2767
2768
2769
2770
2771
2772
2773
2774
2775
2776
2777
2778
2779
2780
2781
2782
2783
2784
2785
2786
2787
2788
2789
2790
2791
2792
2793
2794
2795
2796
2797
2798
2799
2800
2801
2802
2803
2804
2805
2806
2807
2808
2809
2810
2811
2812
2813
2814
2816
2817
2818
2819
2820
2821
2822
2823
2824
2825
2826
2827
2828
2829
2830
2831
2832
2833
2834
2835
2836
2837
2838
2839
2840
2841
2842
2843
2844
2845
2846
2847
2848
2849
2850
2851
2852
2853
2854
2855
2856
2857
2858
2859
2860
2861
2862
2863
2865
2866
2867
2868
2869
2870
2871
2872
2873
2874
2875
2876
2877
2878
2879
2880
2881
2882
2883
2884
2885
2886
2887
2888
2889
2890
2891
2892
2893
2894
2895
2896
2897
2898
2899
2900
2901
2902
2903
2904
2905
2906
2907
2908
2909
2910
2911
2912
2913
2914
2915
2916
2917
2918
2919
2920
2921
2922
2923
2924
2925
2926
2927
2928
2930
2931
2932
2933
2934
2935
2936
2937
2938
2939
2940
2941
2942
2943
2944
2945
2946
2947
2948
2949
2950
2951
2952
2953
2954
2955
2956
2957
2958
2959
2960
2961
2962
2963
2964
2965
2966
2967
2968
2969
2970
2971
2972
2973
2974
2975
2976
2980
2981
2982
2983
2984
2985
2986
2987
2988
2989
2990
2991
2992
2993
2994
2995
2996
2997
2998
2999
3000
3001
3002
3003
3004
3005
3006
3007
3008
3009
3010
3011
3012
3013
3014
3015
3016
3017
3018
3019
3020
3021
3022
3023
3024
3025
3026
3027
3028
3029
3030
3031
3033
3034
3035
3036
3037
3038
3039
3040
3041
3042
3043
3044
3045
3046
3047
3048
3049
3050
3051
3052
3053
3054
3055
3056
3057
3058
3059
3060
3062
3063
3064
3065
3066
3067
3068
3069
3070
3071
3072
3073
3074
3075
3076
3077
3078
3079
3080
3082
3083
3084
3085
3086
3087
3088
3089
3090
3091
3092
3093
3094
3095
3096
3097
3098
3100
3101
3102
3103
3104
3105
3106
3107
3108
3109
3110
3111
3112
3113
3114
3115
3116
3117
3118
3119
3120
3121
3122
3123
3124
3125
3126
3127
3128
3129
3130
3131
3132
3133
3134
3135
3136
3137
3138
3139
3140
3141
3142
3143
3144
3145
3146
3147
3149
3150
3151
3152
3153
3154
3155
3156
3157
3158
3159
3160
3161
3162
3163
3165
3166
3167
3168
3170
3171
3172
3173
3175
3176
3177
3178
3179
3180
3181
3183
3184
3185
3186
3187
3188
3189
3190
3192
3193
3194
3195
3196
3197
3198
3199
3200
3201
3202
3203
3204
3207
3208
3209
3210
3211
3212
3213
3214
3215
3216
3217
3218
3219
3220
3221
3222
3223
3224
3225
3226
3227
3228
3229
3230
3231
3232
3233
3234
3235
3236
3237
3238
3239
3240
3241
3242
3243
3244
3245
3246
3247
3248
3249
3250
3251
3252
3253
3254
3255
3256
3257
3258
3259
3260
3261
3262
3263
3265
3266
3267
3268
3269
3270
3271
3272
3273
3274
3275
3276
3277
3278
3279
3281
3282
3283
3284
3285
3286
3287
3288
3289
3290
3291
3292
3293
3294
3295
3296
3297
3298
3299
3300
3301
3302
3303
3304
3305
3306
3307
3308
3309
3310
3311
3312
3313
3314
3315
3316
3317
3318
3319
3321
3323
3324
3325
3326
3327
3328
3329
3330
3331
3332
3333
3334
3335
3336
3337
3338
3339
3340
3341
3342
3343
3344
3345
3346
3347
3348
3349
3350
3351
3352
3353
3354
3355
3356
3357
3358
3359
3360
3361
3362
3363
3364
3365
3366
3367
3368
3369
3370
3371
3372
3373
3374
3375
3376
3377
3378
3379
3380
3381
3382
3383
3384
3385
3386
3387
3388
3389
3390
3391
3392
3393
3394
3395
3396
3398
3399
3400
3401
3402
3403
3404
3405
3406
3407
3408
3409
3410
3411
3412
3413
3414
3415
3416
3417
3418
3419
3420
3421
3422
3423
3424
3425
3426
3427
3428
3429
3430
3431
3432
3433
3434
3435
3436
3437
3438
3439
3440
3441
3442
3443
3444
3445
3446
3448
3449
3450
3451
3452
3453
3454
3455
3456
3457
3458
3459
3460
3461
3462
3463
3464
3465
3466
3467
3468
3469
3470
3471
3473
3474
3475
3476
3477
3478
3479
3480
3481
3482
3483
3484
3485
3486
3487
3488
3489
3490
3491
3492
3493
3494
3495
3496
3497
3498
3499
3500
3501
3502
3503
3504
3505
3506
3507
3508
3509
3510
3511
3512
3513
3514
3515
3516
3517
3518
3519
3520
3521
3522
3524
3525
3526
3527
3528
3529
3530
3531
3532
3533
3534
3535
3536
3537
3538
3539
3540
3541
3542
3543
3544
3545
3546
3547
3548
3549
3550
3551
3552
3553
3554
3555
3556
3557
3558
3559
3560
3561
3562
3563
3565
3566
3567
3568
3569
3570
3571
3572
3573
3574
3575
3576
3577
3578
3579
3580
3581
3582
3583
3584
3585
3586
3587
3588
3589
3590
3591
3592
3593
3594
3595
3596
3597
3599
3600
3601
3602
3603
3604
3605
3606
3607
3608
3609
3610
3611
3612
3613
3614
3615
3616
3617
3618
3619
3620
3621
3622
3623
3624
3625
3626
3627
3628
3629
3630
3631
3632
3634
3635
3636
3637
3638
3639
3640
3641
3642
3643
3644
3645
3646
3647
3648
3649
3650
3651
3652
3653
3654
3655
3656
3657
3658
3659
3660
3661
3662
3663
3664
3665
3666
3667
3668
3669
3670
3671
3673
3674
3675
3676
3677
3678
3679
3680
3681
3682
3683
3684
3685
3686
3687
3688
3689
3690
3691
3692
3693
3694
3695
3696
3697
3698
3699
3700
3701
3702
3703
3704
3705
3706
3707
3708
3709
3710
3711
3712
3713
3714
3715
3716
3717
3718
3719
3720
3721
3722
3723
3724
3725
3726
3727
3728
3729
3731
3732
3733
3734
3735
3736
3737
3738
3739
3740
3741
3742
3743
3744
3745
3746
3747
3748
3750
3751
3752
3753
3754
3755
3756
3757
3758
3759
3760
3761
3762
3763
3764
3765
3767
3768
3769
3770
3771
3772
3773
3774
3775
3776
3777
3778
3779
3780
3781
3782
3783
3784
3785
3786
3787
3788
3789
3790
3791
3792
3793
3794
3795
3796
3798
3799
3800
3801
3802
3803
3804
3805
3806
3807
3808
3809
3810
3811
3812
3813
3814
3815
3816
3817
3818
3819
3820
3821
3822
3823
3824
3825
3826
3827
3828
3829
3830
3831
3832
3833
3834
3835
3836
3838
3839
3840
3841
3842
3843
3844
3845
3846
3847
3848
3849
3850
3851
3852
3853
3854
3855
3856
3857
3858
3859
3860
3861
25826
3862
3863
25827
3864
25828
3865
25830
3866
25831
3868
25832
3869
25835
3870
25836
3871
25837
3872
3873
25838
3874
25839
3875
3876
25840
3877
25842
3878
3879
25843
3880
25844
3881
3882
25845
3883
25846
3884
3885
25848
3886
3887
25849
3888
25850
3889
25851
3890
3891
25852
3893
3894
25853
3895
25854
3896
3897
25855
3898
25857
3899
25858
3900
3901
25859
3902
3903
25860
3904
25861
3905
25862
3906
3907
25864
3908
3909
25865
3910
25866
3911
3912
25868
3913
3914
25869
3915
25870
3917
25871
3918
25872
3919
25874
3920
3921
25875
3922
3923
25876
3924
25877
3925
3926
25878
3927
3928
25879
3929
25880
3930
25882
3931
25883
3932
3933
25884
3934
25885
3935
3936
3937
25888
3938
25889
3939
3940
25890
3941
3942
3944
25891
3945
3946
25892
3947
3948
25894
3949
3950
25895
3951
25896
3952
3953
25897
3954
3955
25898
3956
3957
3958
25899
3959
3960
25900
3961
3962
25902
3963
3964
25903
3965
3966
25904
3967
3968
25905
3969
3970
25906
3971
3972
25907
3973
25909
3974
3975
25910
3976
3977
25911
3978
3979
25912
3980
3981
25913
3982
25914
3984
3985
3986
25915
3987
3988
25917
3989
3990
25918
3991
3992
25919
3993
3994
25921
3995
3996
3997
25922
3998
25923
3999
25926
4000
4001
4002
25927
4003
4005
25928
4006
4007
25929
4008
4009
4010
4011
25930
4012
4013
4014
4015
25931
4016
25933
4017
4018
25934
4019
4020
25935
4022
4023
4024
25936
4025
4026
25937
4027
25938
4028
4029
4030
25939
4031
25941
4032
4034
25942
4035
25943
4036
25944
4037
4038
25945
4039
25946
4040
4041
25947
25948
4042
25950
4043
25951
4044
4045
25952
4046
4047
25953
4048
4049
25954
4050
25955
4051
4052
25956
4053
4054
25957
4055
4056
25958
4058
25959
4059
4060
25960
4061
4062
25962
4063
4064
25963
4065
4066
25964
4067
4068
25965
4070
4071
25966
4072
4073
4074
4075
25967
4076
4077
25968
4078
4080
25970
4081
4082
25971
4083
4084
4085
25972
4089
4090
25973
4091
4092
4093
25974
4094
4095
4096
25976
4097
25977
4098
4099
25978
4100
4101
25979
4102
4103
25980
4105
4106
25981
4107
4108
25983
4109
4110
25984
4111
4113
25985
25986
4114
4115
25987
4116
25988
4117
4118
25991
4119
4120
25992
4121
4122
4123
25993
4124
4125
25994
4126
4127
25995
4128
4130
25996
4131
4132
4133
25997
4134
25999
4135
26000
4136
4137
26001
4138
26002
4139
4140
26003
4141
4142
26004
4143
4144
26005
26006
4145
4146
26008
4151
4152
26009
4153
4154
26010
4155
26011
26012
4156
4157
26014
4158
4159
26015
4160
4161
26016
4162
4163
4164
26017
4165
4166
4167
26018
4168
4169
26019
4170
4171
4172
26020
4173
4174
26022
4176
4177
4179
26023
4180
4181
26024
4182
4183
26025
4184
4185
4186
26026
4187
4188
4190
26027
4191
4192
26029
4193
4194
26030
4195
4196
4197
26031
4198
26032
4199
4200
26033
4201
26035
4202
26036
4203
4205
26037
4206
26038
4207
26039
4208
26040
4209
26041
4210
26042
4211
4212
26043
4213
4214
4215
26044
4216
4217
26046
4218
4219
26047
4220
4221
26048
4222
4223
26049
4225
26050
4226
4227
26051
4228
4229
4230
26053
4231
4232
26054
4235
4236
26055
4238
4243
4244
26056
4245
4246
26057
4247
4248
26058
4249
4250
26060
4251
4252
26061
4253
4254
4255
26062
4256
26063
4257
26064
4258
4259
4260
26067
4261
26068
4262
4263
26069
4264
26070
4265
4266
26071
4267
4269
26072
4270
4271
26074
4272
4273
4274
26075
4275
4276
26076
4277
4278
26077
4279
4280
26078
4281
4282
26079
4283
4284
26080
4286
26082
4287
4288
4289
26083
4290
26084
4291
4292
26085
4293
4294
26086
4295
4296
26087
4297
4298
4299
26088
4300
4301
4302
4303
26089
4304
4305
26091
4306
4307
26092
4308
4309
26093
4310
4312
26094
4313
4314
26095
4315
4316
26096
4317
4318
26097
4319
4320
26099
4322
4323
26100
4324
26101
4325
4326
4327
26102
4328
4330
26103
4331
4332
4333
26105
4334
4335
4337
26106
4338
4339
26107
4340
4341
4342
4343
26108
4344
4345
4346
4347
26109
4349
4350
26110
4351
4352
4353
26111
4354
4356
26113
4357
4358
4359
26114
4361
4364
4365
26115
4366
4367
4368
26116
4369
4370
4371
26117
4372
4373
26118
4374
26119
4375
4376
26121
4377
4378
26122
4379
4380
26123
4381
4382
26124
4383
4384
26125
4385
4386
4387
26127
4388
4389
4390
26128
4391
4392
26129
4393
4394
26130
4395
4396
26131
4397
26133
4398
4399
26134
4400
26135
4401
26136
4402
4403
26137
4404
4405
26138
4406
4407
26139
4408
4409
26140
4411
26144
4412
4413
26145
4414
4415
26146
4416
4417
26147
4418
26148
4419
4420
26149
4421
4422
26150
4423
26151
4424
26152
4425
4426
26153
4427
4428
4429
26154
4430
4431
4432
26155
4433
4434
26157
4435
4436
4437
26158
4438
4439
26159
4440
4441
26160
4442
4443
26161
4444
4445
26162
4446
4447
4448
4449
26163
4450
4451
26164
4452
4453
4455
26165
4456
4457
26166
4458
26168
4459
4460
26169
4461
26170
4462
4463
26171
4464
26172
4465
26173
4466
4467
26174
4468
26175
4469
4470
26176
4471
26177
4472
4473
26178
4474
26179
4475
4476
26180
4477
26181
4478
26183
4479
4480
26184
4481
26185
4482
26186
4483
4484
26187
4485
26188
4486
26189
4487
4488
26190
4489
26191
4490
26192
4491
4492
26193
4493
26194
4494
4495
26195
4496
26197
4497
26198
4498
26199
4499
26200
4500
26201
4501
26202
4502
26203
4503
26204
4504
4505
26205
4506
4508
4509
26207
4510
26208
4511
26209
4512
4513
26210
26211
26212
4514
26213
4515
26214
4516
26215
26216
4517
4518
26217
4519
26218
4520
26219
4521
26220
4522
4523
26222
4524
26223
4525
4526
26224
4527
26225
4528
26226
4529
26227
4530
4531
4532
26228
4533
26229
4534
4535
26230
4536
26231
4537
4538
4539
26232
4540
26233
4541
26235
4542
26236
4543
26237
26238
4544
26239
4545
26240
26241
4546
26242
4547
26243
4548
26244
4549
26246
4553
4554
26247
4555
26248
4556
26249
26250
4557
4558
26251
4559
26252
26253
4560
26254
4561
26255
4562
26257
4563
26258
4564
4565
26259
4566
26260
4567
4568
26261
4569
26262
4570
4571
26263
4572
4573
26264
4574
26265
4575
26267
4576
4577
4578
26268
4579
26269
4580
4581
26270
4582
26271
4583
26272
4584
26273
4585
4586
4587
4588
26274
4589
26275
4590
4591
4592
26276
4593
26278
4594
26279
4595
4596
26280
4597
26281
4598
26282
4599
4600
26283
4601
26284
4602
26285
26286
4603
4604
26288
4605
26289
4606
4607
26290
4608
4609
26291
4610
26292
4611
4612
26293
4613
4614
4615
26294
4616
26295
4617
4618
4619
26296
4621
26298
4622
4623
26299
4624
26300
4625
26301
4626
4627
26302
4628
26303
4629
26304
4630
4631
26305
4632
4633
4634
4635
26306
4636
26307
4637
26308
4638
4639
26310
4640
4641
26311
4642
26312
4643
26313
4644
4645
26314
4646
26315
4647
4649
4650
26316
4651
26317
4652
4653
26318
4654
26319
4655
4656
26320
4657
26321
4658
4659
26322
4660
26324
4661
26325
4662
4663
26326
4664
26327
4665
26328
4666
26329
4667
4668
26330
4669
26331
4670
4671
26332
4672
4673
26333
4674
26334
4675
26335
4676
26336
26337
26338
4677
4678
26341
4679
26342
4680
26343
4681
4682
26344
4683
26345
4684
26346
4685
26347
4686
4687
26348
4688
26349
4690
26350
4691
4692
26351
4693
26352
4694
26353
4695
4696
26354
4697
26356
4698
26357
4699
4700
26358
4701
26359
4702
26360
4703
4704
26361
4705
26362
4706
26363
4707
4708
26364
4710
26365
4711
26366
4712
4713
26367
4714
26368
4715
26370
4716
26371
4717
4718
26372
4719
26373
4720
26374
4721
26375
4722
26376
4723
26377
4724
26378
4725
26379
4726
26380
4727
26381
4728
26382
26383
4729
26384
4730
26385
4731
26387
4732
4733
26388
4734
26389
4735
26390
4736
26391
4737
26392
4738
26393
4739
26394
4740
4741
26395
4742
26396
4743
26397
4744
26399
4745
4747
4748
26400
4749
26401
4750
4751
26402
4752
26403
4753
26404
4754
26405
4755
4756
26406
4757
26407
4758
26408
4759
26410
4760
4761
26411
4762
26412
4763
26413
4764
26414
4765
26415
4766
26416
4767
26417
4768
26418
4769
26419
4770
26420
4771
26421
4772
26422
4773
26423
4774
26424
4775
26426
4776
26427
4777
26428
4778
4779
26429
4780
26430
4781
26431
4782
26432
4783
26433
26434
4784
4785
26436
4786
26437
4787
26438
26439
4788
4789
4790
26440
4791
26441
4792
26442
4794
26443
4795
4796
26444
4797
26445
4798
26446
4799
26447
4800
4801
4802
4803
26448
4804
4805
26450
4806
26451
4807
26452
4808
4809
26453
4810
26454
4811
26455
4812
4813
26456
4814
4815
26457
4816
26458
4817
4818
26459
4819
26461
4820
26462
4821
26463
4822
4823
26464
26465
4824
4825
26466
4826
26467
4827
4828
26468
4829
26469
26470
26471
4830
4831
26473
4832
26474
4833
4834
26475
4836
26476
4837
26477
4838
4839
26478
4840
26479
4841
26480
4842
26481
4843
4844
26482
4845
26483
4846
26484
4847
26486
4848
4849
26487
4850
26488
4851
26489
4852
26490
4853
26491
4854
26492
4855
26493
4856
26494
4857
4859
26496
4860
26497
4861
4862
26498
4863
26499
4864
4865
26500
4866
26501
4867
26502
4868
4869
26503
4870
26504
4871
26505
4872
4873
26506
4874
26508
4875
4876
26509
4877
26510
4878
26511
4879
4880
26512
4881
26513
4883
26514
4884
4885
26515
4886
26516
4887
26517
4888
4889
26519
4890
26520
4891
4892
26521
4893
26522
4894
26523
4895
26524
4896
4897
26525
4898
26526
4899
26528
4900
4901
4902
4904
26529
4905
26530
4906
4907
26531
4908
4909
26532
4910
26533
4911
26534
4912
26535
4913
26536
4914
26538
4915
4916
26539
4917
26540
4918
26541
4919
4920
26542
4921
26543
4922
26544
4923
4924
26545
4926
26546
4927
26547
4928
26549
4929
26550
4930
4931
26551
4932
26552
4933
26553
4934
26554
4935
4936
4937
4938
4939
4940
26555
4941
26557
4942
26558
4943
26559
4944
26560
4945
26561
4946
26562
4948
26563
4949
26564
4950
26565
4951
26567
4952
26568
4953
26569
4954
26570
4955
26571
4956
26572
4957
26573
4958
26574
4959
26575
4960
26576
4961
4962
26578
4963
26579
4964
4965
4966
26580
4967
26581
4968
26582
4969
4970
4971
26583
4972
26584
4973
4974
26586
4975
26587
4976
26588
4977
26589
4978
26590
4979
26591
4980
26592
4981
4982
26593
4983
26594
4984
26596
4985
26597
4986
4987
26598
4988
26599
4991
26600
4992
26601
4993
26602
4994
26603
4995
4996
26605
4997
26606
4998
26607
4999
5000
26608
5001
26609
5002
26610
5003
5004
26613
5005
26614
5006
5007
26615
5008
26616
5009
26617
5012
26618
5013
5014
26619
5015
26620
5016
5017
26622
5018
26623
5019
5020
26624
5021
26625
5022
26626
5023
26627
5024
26629
5025
26630
5026
26631
5028
26632
5029
26633
5030
26634
5031
26635
5032
26636
5033
26638
5034
5035
26639
5036
26640
5038
26641
5039
26642
5040
26643
5041
26644
5042
26646
5043
26647
5044
26648
5046
26649
5047
26650
5048
26651
5049
26652
5050
26653
5051
26654
5052
26655
5053
26656
5054
26658
5055
26659
5056
26660
5057
5058
26661
5059
26662
5060
26663
5061
26664
5062
26665
5063
26666
5064
26667
5065
26668
5066
26669
5067
26671
5068
26672
5069
26673
5070
26674
5071
26675
5072
26677
5073
26678
5075
26679
5076
26680
5077
26681
5078
26682
5079
26683
5080
26684
5081
5082
26685
5083
26686
5084
26687
5085
26689
5086
26690
5087
26691
5088
26692
5089
26693
5090
26694
5091
26695
5092
26696
5094
26697
5095
26698
5096
26700
5097
26701
5098
26702
5099
5100
26703
5105
26704
5106
26705
5107
26706
5108
26707
5109
26708
5110
5111
26710
5112
26711
5113
26712
5114
5115
26713
5116
26714
5119
26715
5120
26716
5121
26717
5122
26718
5123
26719
5124
26721
5126
26722
5128
26723
5129
26724
5130
5131
26725
5132
26726
26727
5133
5134
26728
26729
5135
5136
26730
5137
26732
5140
26733
5141
26734
5142
26735
5143
5144
26736
26737
5145
5146
26738
26739
5147
5148
26741
5149
26742
5150
26743
5151
26744
5153
26745
5154
26747
5155
5156
26748
5157
26749
5158
26750
5159
26751
5160
26752
5161
5162
26754
5163
26755
5164
26756
5165
26757
5166
5167
26758
5168
26759
5169
26760
5170
26761
5171
26762
5172
26763
5174
26764
5175
26765
5176
26766
5177
26768
5178
5179
26769
5180
26770
5181
26771
5182
26772
5183
26773
5184
26774
5185
26775
5186
26777
5188
5189
26778
5190
26779
5191
26780
5192
26781
5193
26782
5194
26783
5195
26785
5196
26786
5197
5198
26787
5199
26788
5200
26789
5201
26790
5202
26792
5203
26793
5204
26794
5205
26795
5206
26796
5207
26798
5208
26799
5209
26800
5210
26801
5212
26802
5213
26803
5214
26804
5215
26805
5216
26806
5217
26807
26809
26810
5218
26811
5219
5220
26812
5222
26813
5223
5224
26814
5225
26815
26816
5226
26818
5227
26819
5228
26820
5229
26821
5230
26822
5232
26823
26824
5233
26827
5234
26828
5235
26829
5236
26830
5237
26831
5238
5239
5240
26832
5241
26833
5242
26834
5243
5245
26835
5246
26836
5247
26838
5248
26839
5249
26840
5250
26841
5251
26842
5252
26843
5253
26845
5255
26846
5256
26847
5257
5258
26848
5259
26849
5260
26850
5261
26851
5262
26852
5263
26854
5264
26855
5266
26856
5267
5268
26857
5269
26858
5270
26859
5271
26860
5272
26862
5273
5274
26863
26864
5276
26865
5277
5278
26866
5279
26867
5280
26868
5281
26870
5282
26871
5283
5284
26872
5285
26873
5288
26874
5289
26875
5290
5291
26876
5292
26877
5293
26878
5294
26879
5295
5296
26880
5297
26881
5298
26882
5299
26884
5300
26885
5301
26886
5302
26887
5303
26888
5304
26889
5305
26890
5306
5307
26891
5308
26892
5309
26894
5310
26895
5312
26896
5313
26897
5314
26898
5315
26899
5316
26900
5317
26901
5318
26902
5319
26904
5321
26905
5325
26906
5326
5327
26907
5328
26908
5329
26909
5330
26911
5331
5332
26912
5333
26913
5334
5335
26914
5336
26915
5337
26916
5338
26917
5339
5340
26918
5341
26919
5343
26921
5344
26922
5345
26923
5346
26924
5347
26925
5348
26927
5349
26928
5350
5351
26929
5352
26930
5353
26931
5354
26933
5355
26934
5357
26935
5358
5359
26936
5360
26937
26938
5361
5362
26940
26941
5363
5364
26942
5365
26943
5366
26944
5367
26945
5368
5369
26948
5370
26949
5371
26950
5372
26951
5373
26952
5374
26953
5375
26954
5376
26956
5378
26957
5379
26958
5380
26959
5382
26960
5385
5386
26961
5387
26962
5389
26963
5390
26964
5391
26965
5392
26967
5393
5396
26968
5397
26969
5398
26970
5399
26971
5400
26972
5401
26973
5402
26975
5403
26976
5404
26977
5405
26978
5406
26979
5407
26980
5408
26981
5409
26982
5410
26983
5411
26984
5412
26985
5413
26987
5414
26988
5415
26989
5416
26990
5417
26991
5418
26992
5419
26994
26995
5420
26996
5421
26997
5422
26998
5423
27000
5424
5425
27001
5426
27002
5427
27003
5428
27005
5429
27006
5430
27007
5431
27008
5432
27009
5433
27010
5434
5435
27011
5436
27012
5437
27014
5438
27015
5439
27016
5440
27017
5442
27018
5444
27019
5445
27021
5446
27022
5447
27023
5448
27024
5449
27025
5450
5451
27028
5452
27029
5453
27030
5454
5455
27031
5456
27032
5457
27033
5458
27034
5459
5460
27035
5461
27036
5462
27037
5465
5466
27038
5467
5468
27040
5469
27041
5470
27042
5471
27043
5472
27044
5473
27045
5474
27046
5475
27047
5476
27048
5477
27049
5478
27050
5479
27052
5480
27053
5481
27054
5483
27055
5484
27056
5485
27057
5486
27058
5487
5488
27059
5489
27060
5490
27061
5491
27062
5492
27063
5493
27064
5494
27065
5495
27066
5496
27067
5497
27068
5498
27069
5499
5500
27071
5501
27072
5502
5503
27073
5504
27074
5505
5506
27075
5507
27076
5508
27077
5509
5510
27078
5511
27079
5512
27080
5513
27082
5514
5515
27083
5516
27084
5518
27085
5519
27086
5520
27087
5521
27088
5522
27089
5523
27090
5524
27092
5525
27093
5526
27094
5527
27095
5528
27096
5529
27097
5530
27098
5531
27099
5532
27100
5533
27101
5534
27102
5535
27104
5536
27105
5537
27106
5538
27107
5539
27108
5540
5541
5542
27109
5543
27110
27111
5544
5545
27112
5546
27113
5547
27114
5548
27115
5549
27116
5550
27117
5551
27118
5553
27119
5554
27121
5555
27122
5556
27123
5557
27124
5558
27125
5559
27126
5560
27127
5561
27128
5562
27129
5563
27130
5564
27131
5565
5566
27132
5567
27134
5568
27135
5569
5570
27136
5571
27137
5572
27138
5573
27139
5574
27140
5575
27141
5576
27142
5577
27143
5578
27145
5579
27146
27147
5580
5582
27148
5583
27149
5584
27150
5586
27151
5588
27153
5589
27154
5590
5591
27155
5592
27156
5593
27157
5594
27158
5595
27159
5596
27160
5597
27161
5598
27162
5599
27163
5600
27164
5601
27165
5602
27166
5603
27167
5604
27168
5605
27170
5606
27171
5607
27172
5608
27173
5609
27174
5610
27175
5611
27176
5612
27177
5613
27178
5614
27179
5615
27180
5616
27181
5617
27182
5618
27183
5619
27184
5620
27185
5621
27186
5622
27187
5623
27189
5624
27190
5625
5626
27191
5627
27192
5628
27193
5629
27194
5630
27195
5631
27196
5633
27197
5635
5636
5637
27198
5638
27199
5639
27201
5640
27202
5641
27203
5642
27204
5643
27205
5644
27206
5645
27207
5646
27208
5647
27209
5648
27210
5649
27212
5650
27213
5651
27214
5652
27215
5653
27216
5655
27217
5656
27218
5657
27219
5658
27220
5659
27221
5660
27222
5661
5662
27224
5663
27225
5664
27226
5665
27227
5666
27228
5667
27229
27230
5668
5669
27231
27232
27234
27235
5670
27236
27237
5672
27238
5673
27239
5674
5675
27240
5676
27241
5677
27242
27243
27245
27246
5678
27248
5679
27249
5680
27250
5681
27251
5682
27252
5683
27253
5684
27254
5685
27255
5686
27256
5687
27257
5688
27258
5689
27259
5690
5691
27260
27262
5692
27263
5693
27264
5696
5697
27265
5698
27266
5699
27267
5700
27268
5701
27269
5702
27270
5703
27271
5704
27272
5705
27273
5706
27275
5707
27276
5708
27277
5709
27278
5710
27279
5711
27280
5712
27281
5713
5714
5715
5716
5717
5718
27282
5719
27283
5720
27284
5721
27285
5722
27286
5723
27287
5724
27289
5725
27290
5726
27291
5727
5728
27292
5729
27293
5730
27294
5731
27295
5733
27296
5734
27297
5735
27299
5736
27300
5737
27301
5738
27302
5739
27303
5740
27304
5741
27305
5742
27308
5743
27310
5744
27311
5745
27312
5746
27313
5747
27314
5748
27315
5749
27316
5750
27317
5751
27318
5752
27319
5753
27320
5754
27321
5755
27322
5756
27324
5757
27325
5758
27326
5759
27327
5760
27328
5761
27329
5762
27330
5763
5764
27331
5765
27332
27333
5767
5768
27335
5769
27336
5770
27337
5771
27338
5772
27339
5773
27341
5774
5775
27342
5776
27343
5777
27344
5778
27345
27346
5779
27347
5780
27348
5781
5782
27349
5783
27351
27352
5784
5785
27353
27354
5786
5787
27355
27356
5788
27357
5789
27358
5790
5791
27360
5792
27361
5793
27362
5794
27363
5795
5796
27364
5797
27365
5799
27366
5800
27368
5801
27369
5802
27370
5803
5804
27371
5805
27372
5806
27373
27374
5807
5808
27375
5809
27376
5810
27378
5811
27379
5812
27380
5813
27381
27382
5814
27383
5815
27384
5816
27385
5817
27386
5818
27387
5819
27388
5820
27390
5821
5822
27391
5824
27392
5825
27393
5826
27394
5827
27395
5828
27396
5830
27397
5831
27399
5832
27400
5833
27401
5834
27402
5835
27403
5836
27404
5837
27405
5838
27406
5839
27409
5840
5841
27410
5842
5843
27411
5844
5846
27412
5847
5848
27413
5849
27414
5850
27416
5851
5852
27417
5853
5854
27418
5856
27419
5857
27420
5858
27421
5859
27422
5860
27423
5861
5862
27424
5863
27426
5864
27427
5865
27428
5866
27429
5867
27430
5868
27431
5869
5870
27433
5871
5873
27434
5874
27435
5876
5878
27436
5879
5881
27437
5882
27438
5885
5886
27440
5888
27441
5889
5890
27442
5891
5892
27443
5893
5894
5895
27444
5896
27446
5897
5898
27447
5900
27448
5901
5902
27449
5903
5904
27450
5906
27451
5907
5908
27453
5910
27454
5911
27455
5912
5914
27456
5915
27457
5916
5917
27458
5918
27459
5919
27461
5922
27462
5923
5924
27463
5925
5926
5927
27464
5928
27465
5929
27466
5930
5931
27468
5932
5933
27469
5934
5935
27470
5936
27471
5937
5938
27472
5939
27473
5940
27474
5941
27475
5942
5943
27476
5944
27477
5945
27478
5946
27480
5947
5948
27481
5949
27482
5950
27483
5951
27484
5953
5954
27485
5955
5956
27487
5957
27488
5958
27489
5959
5960
27490
5961
27491
5962
5963
27492
5964
27493
5965
27494
5966
5967
27495
27496
5968
5969
27497
5970
5971
27498
27499
5972
5973
27501
5974
27502
5975
5977
27503
5978
27504
5979
27505
27506
5980
5981
27507
5982
27508
5983
27509
5984
5985
27510
5986
27511
5987
27513
5988
27514
5989
5990
27515
5991
27516
5992
27517
5993
27518
5994
27519
5995
27520
5996
5997
27521
5998
27523
5999
27524
6000
6001
27525
6002
27526
6003
6004
27527
6005
27528
6006
27529
6007
6008
27530
6009
27531
6010
27532
6011
6012
27533
6013
27534
6014
27536
6015
27537
6016
27538
6020
6021
27539
6022
27540
6023
27541
6024
27543
6025
27544
6026
27545
6027
27546
6028
27547
6029
6031
27548
6032
27549
6033
27550
6034
27551
6035
6037
27553
6038
27554
6039
27555
6040
27556
6041
6042
27557
6043
27558
6044
27559
6046
27560
6047
27561
6048
27562
6049
27563
6050
27564
6051
27565
6052
27567
6053
6054
27568
6055
27569
6056
27570
6057
27571
6058
6059
27572
6060
6061
27573
6062
27574
6063
27575
6064
6065
27576
6066
27577
6067
27578
6068
27579
6069
6070
27580
6071
27582
6072
27583
6073
27584
6074
27585
6075
27586
6076
27587
6077
27588
6078
27589
6079
27590
6080
27591
6082
27592
6083
27593
6084
27594
6085
27596
6086
6087
27597
6088
27598
6089
6090
27599
6091
27600
6092
27601
6093
27602
6094
6099
27604
6100
6101
27605
6102
6103
27606
6104
27607
6105
27608
6106
6107
27609
6108
27610
6109
6110
27611
6111
27613
6112
6113
27614
6114
27615
6115
27616
6116
6117
27617
6118
27618
6119
27619
6120
6121
27620
6122
6123
27621
6124
27622
6125
6127
27623
6128
27625
6129
6130
27626
6131
27627
6132
27628
6133
27629
6134
27630
6135
27631
27633
27634
27635
6136
6137
27636
6138
27637
6140
6141
27638
6142
27639
6143
27640
6144
6145
27641
6146
27642
6147
27643
6148
27644
6149
6150
27646
6151
27647
6152
27648
6153
6154
27649
6156
27650
6157
27651
6158
6159
27652
6160
27653
6161
27654
6162
27655
6163
6164
27656
6165
27657
6168
6169
27659
6170
27660
6171
27661
6172
6173
27662
6174
27663
6175
6176
27664
6177
27665
6178
27666
6179
6180
27667
6181
27668
6182
27670
6183
6184
27671
6185
27672
6186
27673
6187
27674
6188
27675
6189
6190
27676
6191
27677
6192
6193
27678
6194
6195
27679
6196
27681
6197
6199
27682
6200
27683
6201
27684
6202
27685
6203
6204
27686
6205
27687
6206
27689
6207
27690
6208
27691
6209
6210
27692
6211
6212
27693
6213
27695
6214
6215
27696
6216
27697
6217
6218
27698
6219
27699
6220
6221
27700
6222
27701
6223
6224
27703
6225
27704
6226
27705
6227
27706
6228
6230
27707
6231
27708
6232
27709
6233
27710
6234
27711
6235
27712
6236
27713
6237
6238
27716
6239
27717
6240
27718
6241
6242
27719
6243
27720
6244
27721
6245
27722
6246
6247
27723
6249
27724
6250
27725
6251
27726
6252
27728
6253
6254
27729
6255
6256
6257
27730
6258
27731
6259
27732
6260
27733
6261
27734
6262
6263
27735
6264
27736
6265
6266
27737
6267
27738
6268
27739
6269
27740
6270
27741
6271
27742
6272
27743
6273
6274
27744
6275
27745
6276
27746
6277
27747
6278
27749
6279
27750
6280
27751
6281
27752
6282
27753
6283
27754
6284
27755
6285
27756
6286
27758
6287
27759
6288
6289
27760
6290
27761
6291
27762
6292
27763
6293
27764
6295
27765
6296
27766
6297
27767
6298
27768
6299
27769
27770
6300
6301
27772
6302
27773
6303
27774
6304
27775
6305
27776
6306
6307
27777
6308
27778
6309
27779
6310
27780
6311
27781
6312
27782
6313
27783
6315
27785
6316
27786
6317
27787
6318
27788
6319
27789
6320
27790
6321
27791
6322
27792
6323
27793
6324
27794
6325
27795
6326
6327
6328
27796
6329
27797
6330
27798
6331
27799
6332
27801
6333
27802
6334
27803
6335
27804
6336
27805
6337
27806
6338
27807
6339
27808
6340
27809
6341
27810
6342
27811
6343
27812
6344
27814
6345
27815
27816
6346
27817
6347
27818
6348
27819
6349
27820
6350
27821
6351
27822
6352
6353
27823
6354
27824
6356
27825
6357
27827
6359
27828
6360
27829
6361
27830
6362
27831
6363
6364
27832
6365
27833
6366
27834
27835
6367
27836
6368
27837
6370
27838
6371
27840
6372
27841
6373
27842
6374
27843
6375
27844
6376
27845
6377
27846
6378
27847
6379
27848
6380
6381
27849
6382
27850
6383
27851
6384
27852
6386
27853
6388
27855
6389
27856
6390
27857
6391
6392
27858
6394
27859
6395
27860
6396
27861
6399
27862
6400
27864
6401
27865
6402
27866
6403
6404
27867
6405
27868
6406
27869
6407
27870
6408
27871
6410
27872
6411
27873
6412
6413
27874
6414
27876
6415
27877
27878
6416
27879
6417
6418
27880
6419
27882
6420
27883
6422
27884
6423
27885
6424
6425
27886
6426
27887
6427
27888
6428
27889
6429
27890
6430
27891
6431
27892
6432
27893
6433
27894
6434
27895
6435
27896
6436
27897
6437
27898
6439
27899
6440
27900
6441
27901
6442
27902
6443
27903
6444
27904
6445
27906
6446
6447
27907
6448
27908
6450
27909
6451
27910
6452
6453
27911
6454
27912
6455
27913
6456
6457
27914
6458
27915
6460
27916
6461
27918
6462
27919
6463
27920
27921
6464
27923
6465
27924
6467
27925
6468
27926
6469
27927
6470
27928
6471
27929
6472
27930
6473
27931
6474
27932
6475
27933
6476
27934
6478
27935
6479
27936
6480
6481
27937
27938
6482
27939
6483
6484
27941
6485
27942
6486
27943
6488
27944
6489
27945
6490
27947
27948
6491
6492
27949
6493
27950
6494
27951
6495
27952
6496
27953
6499
27954
6500
27955
27956
6501
6502
27957
27958
6503
27959
6504
6505
27960
6506
27961
6508
27962
6509
27963
6510
27964
6511
27966
6512
27967
6513
27968
6514
27969
27970
27971
27972
6515
27973
6516
27974
6517
27975
6520
6521
27976
6522
27977
6523
27978
6524
27979
6525
27980
6526
27981
6527
27983
6528
27984
6529
27985
6530
27986
6531
27987
6532
27988
6533
27990
6534
27991
6535
6536
27992
27993
6538
6539
27994
6540
27995
6541
27996
6542
27997
6543
27998
6544
27999
6545
28000
6546
28001
6547
28003
6548
28004
6549
28005
6550
28006
6551
28007
6552
28008
6553
28009
6554
28010
6555
6557
28011
6558
28012
6559
28013
28015
6560
6561
28016
6562
28017
28018
6563
6564
28019
6565
28020
28021
6566
6567
28022
28023
6568
28025
6569
28026
6570
28027
6571
28028
6572
28030
6573
28031
6574
28032
6575
28033
6576
28034
6577
28035
6578
28037
6580
6581
28038
6582
28039
6583
28040
6584
28041
6585
28042
6586
6587
28043
6588
28045
6589
28046
6590
28047
6593
28048
6594
28049
6595
28050
6596
6597
28051
6598
28052
28053
6599
6600
28054
6601
28055
6602
28057
6603
28058
6604
28059
6605
6606
28060
28061
6608
28062
6609
28063
6610
28064
6611
28065
6612
28066
6613
28068
6614
6615
28069
6616
28070
6618
28071
6619
28072
28073
6620
28074
6621
28075
6622
28076
6623
6624
28078
28079
6625
6626
28080
28081
6627
6629
28082
6630
28083
6631
28084
6632
28085
6633
28086
6634
28087
6635
28088
6636
28089
6637
28091
6639
28092
6640
28093
6641
28094
6642
28096
6643
28097
6644
28098
28099
6645
28100
6646
6647
28101
6650
28102
6651
28103
6652
28104
6653
28105
6654
28106
28107
6655
28109
6656
28110
6657
28111
6658
28112
6659
6660
28113
6661
28115
6662
28116
6663
28117
6665
28118
28119
6666
6667
28120
28121
6668
28123
6669
28124
6670
28125
6671
6672
28126
6673
28127
6674
28129
6676
28130
6677
28131
6678
28132
6679
28133
6680
6681
28134
6682
28135
6683
28137
6684
28138
28139
6685
28140
6686
28141
6687
28142
6688
28143
6689
28144
6690
28145
6691
6692
28146
6693
28147
6694
28148
6695
28149
6696
28150
6697
28152
6698
28153
6700
28154
6701
28155
6702
28156
6703
28157
6704
28158
6705
6706
28160
6707
28161
6708
28162
6709
28163
6710
6711
28164
6712
28166
6713
28167
6714
28168
6715
28169
6716
28170
6718
28171
6719
28172
6720
28173
6721
28175
6722
28176
6723
28177
6724
28178
6725
28179
6726
28180
6727
28181
28184
6731
28185
6732
28186
6733
28187
6734
28188
6735
28189
28190
6736
28191
6737
28192
6738
28193
6739
28194
6740
28195
6742
28196
6743
28197
6744
28198
6745
6746
6747
28200
28201
6748
6749
28202
28203
6750
6751
28204
28205
6752
6753
28206
6754
28207
6755
28208
6756
28209
6758
28210
6759
28211
6760
28212
6761
6762
28213
6763
28215
6764
28216
6765
28217
28218
6766
28219
28220
6767
28221
6768
28222
6769
28223
28224
6770
28225
6771
28226
28227
6773
28229
6774
28230
6775
28231
6776
28232
6777
28233
6778
28234
6779
28235
6780
28236
6781
28237
28238
6783
28239
6784
28241
6785
28242
6786
28243
6787
28244
6788
28245
28246
6791
28247
28248
6792
28249
6793
28251
6794
28252
6795
28253
6796
28254
6797
28255
6798
28256
6799
28258
6800
28259
6801
28260
6802
28261
28262
6803
28263
6805
28264
6806
28265
6807
28267
6808
28268
6809
28269
6810
28270
6811
28271
6813
28272
28273
6814
28274
6815
28276
6816
28277
6817
28278
6818
28279
6819
28280
6821
28281
28283
6822
28284
6823
28285
6824
28286
6825
28287
6826
28289
6827
6828
28290
28291
6830
28292
6831
28293
6832
28294
6833
6834
28295
28296
6835
28297
6836
6837
28298
6838
28300
6839
28301
6840
28302
6841
28303
6842
28304
6843
28305
6844
28306
6845
28307
6846
28308
6847
28309
6849
28310
6850
28311
6851
28313
6852
28314
6853
28315
6854
28316
6855
28317
6856
28318
6857
28319
6858
28320
6859
28321
6860
28323
6861
28324
6863
28325
6864
28326
6865
28327
28328
6866
28329
6867
28330
6868
28331
6869
6870
28332
6871
28333
6872
28334
28336
6873
28337
6874
28338
6876
28339
6877
28340
6878
28341
6879
28342
6880
28343
6881
28345
6882
28346
6883
28347
6884
28348
28349
6885
28350
6886
28351
6887
28353
6890
28354
6891
28355
6892
28356
6893
28357
6894
28358
6895
28359
6896
28360
6897
28362
6898
28363
6899
28364
6900
6901
28365
6902
28366
6904
28367
6905
28368
6906
28369
6907
28370
6908
28372
6909
28373
6910
28374
6911
28375
6912
28376
6913
28377
6915
28378
6916
28379
6917
28380
6918
28381
6919
28382
6920
28384
6921
28385
6922
28386
6924
28387
6925
28388
6926
28389
6927
28390
6928
28391
6929
28392
6931
28393
6932
28395
6933
28396
6934
28397
6935
28398
6936
28400
6937
28401
6938
28402
6939
28403
6940
28404
6941
28405
6943
28406
6944
28407
6945
28408
6946
28409
6947
28410
6948
28411
6950
28413
6951
28414
6952
28415
6953
28416
6954
28417
6955
28418
6956
28419
6957
28421
6958
28422
6959
28423
6960
28424
6961
28425
6962
28426
6963
28427
6965
28428
6966
28429
6967
28430
6968
28432
6969
6970
28433
6971
28434
6972
28435
6974
28436
28437
28439
6975
6976
28440
6977
28441
6978
28442
6979
28443
6980
28444
6981
28446
6982
28447
6984
28448
6985
28449
6986
28450
6987
28451
6988
28452
6989
28453
6990
28454
6991
28455
6992
28456
6993
28457
6994
28458
6995
28459
6996
28460
6997
28461
6998
28463
6999
28464
7000
28465
7001
28466
7002
28467
7003
28468
7004
28469
7006
7007
28471
7008
28472
7009
28473
28474
28475
7010
28477
7011
28478
7012
28479
7015
28480
7016
28481
28482
7017
7018
28483
28484
7019
28486
7020
28487
7021
28488
7022
7023
28489
7024
28490
7025
28491
7027
28492
7028
28493
7029
28495
7030
28496
7031
28497
7032
28498
7033
28499
7034
28500
7035
28501
7036
28502
7037
28503
7038
28504
7039
28505
7040
28506
7041
28507
7042
28509
7043
28510
7044
28511
7045
28512
7046
28513
7047
28514
7048
28515
7049
28517
7050
28518
7051
7053
28519
7054
28520
7055
28521
7056
28522
7057
28523
7058
28524
7059
28526
7060
28527
7061
28528
7062
28529
7063
28530
7064
28531
7065
28532
7066
28533
7068
28535
7069
28536
7070
28537
7071
28538
28539
7072
28540
7073
28541
7074
28542
7075
28543
7076
7077
28544
28545
7079
7080
28547
28548
7081
28549
7082
28550
7083
7084
28551
7085
28552
7086
7087
7088
28554
7089
28555
7090
28556
7091
28557
7092
28558
7093
28559
7094
28560
7095
7096
28561
28562
7097
28563
7098
28565
7100
28566
7101
28567
7102
28568
7103
28569
7104
28570
28571
7105
28572
7106
7107
7108
7109
28575
7110
28576
7111
28577
7113
28578
7114
28579
7115
28580
7116
28581
7117
28582
7118
28583
7119
28584
7120
28585
7127
28586
7128
28588
7129
28589
7130
28590
7131
28591
7134
28592
7135
7136
28593
7137
28594
7138
28595
7139
28596
7140
28598
7141
28599
7142
7143
28600
7144
28601
7145
28602
7146
28603
7147
28604
7148
28605
7149
28606
7150
28607
7151
28608
7152
28610
7153
7154
28611
7155
28612
7156
28613
7157
28614
7158
28615
7159
28616
7160
28617
7161
28619
7162
28620
7163
28621
7164
28622
7167
28623
7168
28624
7169
28626
7170
28627
7171
28628
7172
28629
7173
28630
7174
28631
28632
7175
28633
7176
28634
7177
28635
7178
28636
7179
28638
7180
28639
7181
28640
7183
28641
7184
28642
7185
28643
7186
28644
7187
28645
7188
28646
7189
28647
7190
28648
7191
28649
7192
28650
7194
7195
28651
7196
28653
7197
28654
7198
28655
7199
28656
7200
28657
7201
28658
7202
28659
7203
28660
7204
28662
7205
28663
7206
28664
7207
28665
7208
28666
7209
28667
7210
28668
7211
28669
7212
28670
7213
28671
7214
28672
7215
28674
7216
28675
7217
28676
7218
28677
7219
28678
7221
28679
7222
28680
7223
28681
7224
28682
28683
7225
28684
28685
7226
28686
7227
7228
28687
7229
28689
7231
28690
7232
28691
7233
28692
7234
28693
7235
28694
7236
28695
7237
28696
7238
28697
7239
28698
7242
28699
7243
28700
7244
28701
28703
7245
28704
7246
7247
28705
7248
28706
7249
28707
7250
28708
7251
28710
7252
28711
7253
28712
7254
28713
7256
28714
7257
28715
7258
28716
7259
28717
7260
28718
7261
28719
7262
28720
7263
7264
28722
7265
7266
28723
7267
28724
28725
7268
28726
7269
28727
7270
28729
7272
28730
7273
28731
7274
28732
7275
28733
7276
28734
7277
28735
7278
7279
28736
28737
7280
28738
7282
28739
7283
7284
28740
7285
28741
28743
7286
7287
28744
7288
28745
7290
28746
7291
28747
7292
28748
7293
28750
7294
28751
7295
28752
7296
28753
7297
28754
7298
28755
7300
28756
7301
28757
7302
28758
7303
28759
7304
28761
7305
28762
7306
28763
7307
28764
7308
28765
7309
28766
7310
28767
7311
7313
28768
28769
7314
28770
7315
7316
28771
28772
7317
28773
7318
28774
7319
28775
7320
7321
28776
7323
28777
7324
28778
28779
7325
28780
7326
7327
28781
7328
28783
7329
28784
7331
28785
7332
28786
7333
28787
7334
28788
7335
28789
7336
28790
7337
28791
7338
28792
7339
28793
7341
7342
7343
28794
7344
28795
7345
28797
7346
28798
7347
28799
7348
28800
7349
28801
7350
28802
7351
28803
7353
28804
7354
28805
7355
28806
7356
28807
7357
28808
7358
28809
7359
28810
7360
28812
7362
28813
7363
28814
7364
7365
28815
7366
28816
28817
7367
7368
28818
7369
28819
7370
28820
7371
28822
7372
28823
7373
28824
7374
28825
7375
7377
7378
28826
7379
28827
7380
28828
7381
28829
7382
28831
7384
28832
7385
28833
7386
28834
7387
28835
7388
28836
7389
28837
7390
28839
7391
28840
7393
28841
7394
28842
7395
28843
7396
28844
7397
28845
7398
28846
7399
28847
7400
28848
7401
28850
7403
28851
7404
7405
7406
7407
28852
7408
28853
7409
28854
7410
28855
28856
28858
7412
28859
7413
28860
28861
7414
28862
7415
28863
7416
28864
7417
28865
7419
28866
7420
28867
7421
28868
7422
28870
7423
28871
7424
28872
7426
28873
7427
28874
7428
28875
7429
28876
7430
28878
7431
28879
7433
28880
7434
28881
7435
28882
7436
28883
7437
28884
7440
28885
7441
28886
7442
28887
7443
28888
28889
7444
28890
7445
28892
7446
7447
28893
28894
7448
28895
7449
28896
7450
7451
28898
28899
7452
7453
28900
7454
28901
28902
7455
7456
28903
28904
7457
28905
7458
7459
28906
7460
28907
7461
7462
28908
7463
28910
7464
28911
7465
28912
7466
28913
7467
7468
28914
7469
28915
7470
28916
7472
28917
7473
28918
7474
28920
7475
28921
7476
28922
7477
28923
7478
28924
7479
28925
7480
28926
7481
28927
7482
28928
7483
28930
7485
28931
7486
28932
7487
28933
7488
28934
7489
28936
7490
28937
7491
28938
7492
28939
7493
28940
7494
28941
7495
28942
7496
28943
7497
28945
7498
28946
7500
28947
7501
28948
7502
28949
7503
28950
7504
28951
7505
28952
7506
28953
7507
28955
28956
7508
7509
28957
7510
28958
7511
28959
7512
28962
7513
28963
7515
28964
7516
28965
7517
28966
7518
28967
7519
28968
7520
28969
7521
28970
7522
28971
7523
28972
7524
28973
7525
28975
7526
28976
7527
28977
7528
28978
7529
28979
7530
28980
7531
28981
7532
28982
7533
28983
7535
28985
7536
28986
7537
28987
7538
28988
7539
28989
7540
28990
7541
28991
7542
28993
7543
28994
7544
7545
28995
28996
7546
7547
28997
7549
28998
28999
7550
7551
29000
7552
29001
29002
7553
29003
7554
7555
29004
7556
29006
7558
29007
7559
29008
7560
29009
7561
29010
7562
29011
7563
29012
7564
29013
7565
29014
7566
29015
7567
29017
7568
29018
29019
7570
7571
29020
7572
29021
7573
29022
7574
29023
7575
29024
7576
29025
7577
29026
7578
29027
7579
29028
7580
7581
29029
7582
29030
29034
7583
7584
29035
7585
29036
7586
29037
29038
7587
7588
29039
7589
29040
7590
29041
7592
29042
7593
29043
7594
29044
7595
29045
7596
29046
7597
29048
7598
29049
7599
29050
7600
29051
7601
29052
7602
29053
7603
29054
7604
29055
7605
29056
7607
29057
7608
29058
7609
29059
29060
7610
29061
7611
7612
29062
29063
7613
7614
29064
7615
29066
7616
29067
7618
7619
29068
7620
29069
7622
29070
7623
7624
29071
7625
29072
7626
29073
7627
29074
7628
29075
7629
29076
7630
29077
7631
29078
7632
29079
7633
7634
29083
7635
29084
7636
29085
29086
7637
29087
7638
29088
7639
29089
7640
29090
7641
29091
7642
7643
7644
29092
7646
29093
7647
29094
7648
29095
7649
29096
7650
29097
7651
29098
7652
7653
29099
7654
29100
7655
29101
7656
29102
29103
7657
29104
7658
29105
7659
29106
7660
29108
7661
7662
29109
7663
29110
7664
29111
7665
29112
7666
29113
7667
29114
7669
29115
7670
29116
7671
29117
7672
29118
7673
29119
7674
29121
7675
29122
7676
29123
7677
29124
7678
29125
7679
29126
7680
29127
7682
29128
7683
29129
7684
29130
7685
29131
7686
29132
7687
29133
7688
29134
7689
29137
7690
29138
7691
29139
7692
29140
7693
29141
7694
7695
29142
7696
29143
7699
29144
7700
29145
7701
29146
7702
29147
7703
29148
7704
29149
7705
29151
7706
29152
7707
29153
7708
29154
7709
29155
7710
29156
7711
29157
7712
29158
7714
29159
7715
29160
29161
7716
29162
7717
7718
29164
7719
29165
7720
29166
29167
7721
7722
29168
7723
29169
7724
29170
7725
29172
7726
29173
7727
29174
7728
29175
7729
29176
7730
29177
7731
29178
7732
29179
7734
7735
7736
29180
7738
29181
29182
7739
7740
29183
7741
29184
7742
29185
7743
29187
7744
29188
7745
29189
7746
29190
7747
29191
7748
29192
7749
29193
7750
29194
7751
29195
7752
29196
7754
29197
7755
29198
7756
29199
7757
29200
7758
29201
7759
29202
7760
29203
7761
29204
29205
7762
29207
7763
29208
7764
29209
7765
29210
7766
29211
7767
29212
7768
29213
7769
29214
7770
7771
29215
7772
29216
7773
29218
7774
29219
7775
29220
7776
29221
7777
29222
7778
29223
7779
29224
7780
29225
7781
29226
7782
29227
7783
29229
7784
29230
7785
29231
7786
29232
7787
29233
7788
29234
7789
29235
29236
7790
7791
29238
7792
29239
7793
29240
7795
29241
7796
29242
7797
29243
7798
29244
7799
29245
29246
7800
7802
29247
7803
29249
7804
29250
29251
7805
29252
7806
29253
7807
29254
7808
29255
7810
29256
7811
29257
7812
29258
7813
29259
7814
29260
7815
29261
7816
29263
7817
29264
7818
29265
7819
29266
7820
29267
7821
29268
7822
29269
7823
29270
7824
29271
7825
29272
7826
7828
29274
7829
29275
7830
29276
7831
29277
7832
29278
7833
29279
7834
29280
7835
29281
7836
29282
7837
29283
7838
29285
7839
29286
7840
29287
7841
29288
7842
29289
29290
7843
29291
7844
29293
7845
29294
7846
29295
7847
29296
7848
29297
7849
29298
7850
7851
29299
7852
29300
7853
29302
29303
7854
7855
29304
7856
29305
7857
29306
7858
29307
7859
29309
7860
29310
7862
29311
7863
29312
7865
29313
7866
29314
7867
29315
7868
29316
7869
29318
7870
29319
7871
29320
7872
29321
7873
29322
7874
29323
7876
29324
7877
29325
7878
29326
7879
29328
7880
29329
7881
29330
7882
29331
7883
29332
7884
29333
7885
29334
7886
29335
7887
29336
7889
29337
7890
29338
7891
29339
7892
29340
7893
29341
7894
29342
7895
29343
7896
29345
7897
29346
7898
29347
7899
29348
7900
29349
7901
29350
7902
29351
7903
29352
7904
29353
7905
29354
7906
29355
7907
29356
7909
29358
7910
29359
7911
29360
7912
29361
7913
7914
29362
29363
7915
29364
7916
7917
29365
29366
7918
7919
29367
7920
29368
7922
29371
7923
7924
29372
7925
29373
7926
29374
7927
29375
29376
7928
29377
7929
7930
29378
7932
29379
7933
29380
7934
29381
7935
29382
7936
7937
29384
7938
29385
7939
29386
7940
29387
7941
29388
7942
29389
7943
29390
7944
29391
7945
29392
7946
29393
7947
29395
7948
29396
29397
29398
29399
29400
7950
29401
7951
29402
7952
29403
29404
7953
29406
7954
29407
7955
29408
7956
29409
7957
29410
7958
29411
7959
29412
7962
29413
7963
29414
7964
29415
7965
29416
7966
29417
7967
29418
7968
29420
7969
29421
7970
29422
7971
29423
7972
29424
7973
29425
7974
29426
7976
29427
7977
29428
7978
29429
7979
29430
7980
29431
7981
29432
7982
29433
7983
29435
7984
29436
7985
29437
7986
29438
7987
29439
7988
29440
7989
29441
7990
29442
7991
29444
7992
29445
7993
29446
7994
29447
7995
7996
29448
7997
29449
7998
29450
7999
29451
8000
29452
8002
29453
8003
29454
8004
29455
8005
29456
8006
29458
8007
29459
8008
29460
8009
29461
8010
29462
8011
29463
8012
29464
8013
29465
8015
29467
8016
29468
8017
29469
8018
29470
8019
29472
8021
29473
8022
29474
8023
29475
8024
29476
8025
29477
29478
29479
8026
29480
8027
29481
8028
29483
8029
29484
8030
29485
8031
8032
29486
8033
29487
8034
29488
8035
8036
29489
8039
29490
8042
29491
8044
29492
8045
8046
29493
8048
29495
8049
29496
8050
29497
8051
29498
8052
29499
8053
29500
8054
29501
8055
29502
8057
29503
8058
29506
8059
29507
8060
29508
8061
8062
29510
29511
8063
29512
8064
29513
8065
29515
8066
8067
29516
8068
29518
8070
29519
8071
29520
8072
29521
8074
29523
8075
8078
29525
8079
29526
8080
29527
8081
29529
8083
29530
8084
8087
29531
29532
8088
8089
29533
8090
29534
8092
29535
8096
29536
8097
29537
8098
29538
8099
8100
29539
8101
29541
29543
8102
29544
8103
29545
8104
29546
8105
29547
8106
29548
8107
29549
8108
29550
8109
29551
8110
29552
8111
29553
8112
29554
8113
29556
8114
8116
29557
29558
8117
8118
29559
8119
29560
8120
29561
8121
29562
8122
29563
8123
29564
8124
29565
8125
29566
8126
29567
8127
29568
8128
29570
8129
29571
8130
29572
8131
29573
8132
29574
8134
29575
8136
29576
8137
8138
29577
29578
8139
8140
29579
8141
29580
8142
29581
8143
29583
8144
29584
8145
29585
8146
8147
29586
8148
29587
8149
29588
8150
29589
8152
29590
8153
29591
8154
29592
8155
29593
8156
29594
8157
29595
8158
29596
8159
29597
8160
29599
8161
29600
8162
29601
8163
8164
29602
8165
29603
8166
29604
8167
29605
8169
29606
8170
29607
8171
8172
29609
8173
29610
8174
29611
8175
29612
8177
29613
8178
29614
8179
29615
8180
8181
29616
8182
8183
29618
8184
29619
8185
29620
8186
29621
8187
29622
8188
29623
8189
29624
8190
29625
8192
29627
8193
29628
8194
29629
8195
29630
8196
8197
29634
29635
8198
29636
29637
8199
29638
8200
29639
8201
29640
29641
8202
29642
29644
8203
29645
8205
8207
29646
8208
29647
8209
29648
29649
8210
29650
8211
29651
8212
29652
8213
29654
8214
29655
8215
29656
29657
8216
29658
8217
29659
8218
8219
29660
8221
29661
8224
8225
29662
29663
8226
29664
8227
8228
8229
29666
8230
29667
8231
29668
8232
29669
8233
29670
8234
29671
8235
29672
8236
8237
29676
8238
29677
8239
29678
8241
29679
8242
29680
8243
29681
8244
29682
8245
29683
29685
8246
8247
29686
8248
29687
8249
8250
29688
8251
8252
29689
8253
29690
29691
8255
29692
8256
8257
29693
8258
29694
29695
8259
29696
8260
29698
8261
29699
8262
29700
8263
29701
8264
29702
8265
29703
8266
8267
29704
8268
29705
8269
29706
29707
8270
29708
29709
8271
29710
8272
29711
8273
29713
8275
29714
8278
29715
8279
29716
8280
29717
8281
29718
8282
29719
8283
29720
29721
8284
29723
8285
29724
8286
29725
8287
29726
8290
29727
8292
29728
8293
29729
8294
29730
8295
29731
8296
29732
8297
8298
29733
8299
29734
8300
29735
8301
29737
8303
29738
8304
29739
8305
29740
8306
29741
29742
8307
8308
29743
8309
29744
8310
29745
29746
8312
29747
8313
29748
8314
8315
8316
29750
8317
29751
8318
29752
8319
29753
8320
29754
8321
29755
8322
29756
8324
29758
8325
29759
8326
29760
8328
29761
8329
29762
8330
29763
8331
29764
8332
29766
8333
29767
29768
8335
29769
8336
29770
8337
29771
8338
29772
8339
29773
8341
29774
8342
29776
8343
29777
8344
29778
8345
29779
8346
29780
8347
29781
8348
29782
8349
29783
8351
29785
8352
29786
8353
29787
8354
8355
29788
8356
29789
8357
29790
8359
29791
8360
29792
8361
29793
8362
29794
8363
29796
8364
29797
8365
8366
29798
8369
29799
8370
29800
8371
29801
8372
29802
8373
29803
8374
29805
8375
29806
8377
8378
8379
29807
8380
29808
8381
29809
8382
29810
8383
29811
8384
29812
8385
29813
8386
29814
8389
29816
8390
29817
8391
29818
8392
29819
8393
29820
8394
29821
8395
8396
29822
8400
29823
8401
29824
8402
29826
8403
29827
8404
29828
8405
8406
29829
8407
29830
29831
8410
29832
8411
29833
8412
29836
8413
29837
8414
29838
8415
29839
8416
29840
8417
29841
8418
29842
8419
29843
8420
29844
8421
29845
8422
29846
8424
29847
8425
29848
8426
29849
8427
29850
8428
29851
8429
29853
8430
29854
8431
29855
8432
29856
8434
29857
8435
29858
8436
29859
8437
8438
29860
8439
29861
8440
29862
8441
8442
29863
8443
29864
8444
29865
8445
29867
8446
29868
8447
29869
8448
29870
8449
29871
8450
29872
8451
29873
8452
29874
8454
29875
8455
29876
8456
29877
8457
8458
8459
29878
8460
29879
29880
8461
29881
8462
29883
8463
29884
8464
29885
8465
29886
8466
29887
8467
29888
8468
29889
8469
29890
8470
29891
8471
29892
8472
29893
8473
29894
8474
29895
8475
8477
29896
8478
29897
8479
29898
8480
29900
8481
29901
8482
29902
8483
29903
8484
29904
8485
8486
29905
8487
29906
8488
29907
29908
8489
29909
8490
29910
8491
29911
8492
29912
8493
29913
8494
29915
8495
29916
8497
29917
8498
29918
8499
29919
8500
29920
8501
29921
8502
29922
8503
29923
8504
29924
8505
29925
8506
29926
8507
29927
8508
29928
8509
29929
8510
29930
8511
29931
8512
29932
8513
29934
8514
29935
8515
29936
8516
8517
29937
8518
29938
8520
29939
8521
29940
8522
29941
8523
29942
8524
29943
8525
29944
8526
29945
8527
29946
8528
29947
8529
29949
8530
29950
8531
29951
8532
29952
8533
29953
8534
29954
8535
29955
8536
29956
8537
29957
8538
29958
8539
29959
8540
29960
8541
29961
8542
29963
8543
29964
8545
29965
8546
29966
8547
29967
8548
29968
8549
29969
8550
29970
8551
29971
8552
8553
29972
8554
29973
8555
29974
8556
29975
8557
29977
8558
29978
8559
29979
8560
29980
8561
29981
8562
29982
8563
29983
8565
29984
8566
8567
29985
8568
29986
8569
29987
8570
29988
8571
29989
8572
29990
8573
29992
8574
29993
8575
29994
8576
29995
8577
29996
8578
29997
8579
29998
8581
29999
8582
30000
8583
30001
8584
8585
30002
30003
8586
8587
30004
8588
30005
8589
30006
8590
30007
8591
30009
8592
30010
8594
30011
8595
30012
8596
8597
30013
8598
30014
30015
8599
30016
8600
30017
8601
30018
8603
30019
8604
30021
8605
30022
8606
8607
8608
30023
8609
30024
8610
30025
8611
30026
8612
30027
8613
30029
8614
30030
8615
30031
8616
30032
8617
30033
8618
30034
8619
30035
8621
30036
8622
30037
8623
30038
8624
30039
8625
30040
8626
30041
8627
30042
8628
30044
8629
30045
8630
30046
8631
30047
8632
30048
8633
30049
8634
8635
30050
8636
30051
8638
30052
8639
30053
8640
30054
8641
30055
8642
30056
8643
30057
8644
30058
8646
30060
8647
30061
8648
30062
8649
30063
8650
30064
30065
8651
8652
30066
8653
30067
30068
8654
30069
8656
30070
8657
30071
8658
30072
8659
30073
8660
30074
8661
8662
8663
8664
8665
8666
8667
8668
8669
8671
8672
8673
8674
8675
8676
8677
8678
8679
8680
8681
8682
8683
8684
8685
8686
8687
8690
8691
8692
8693
8694
8695
8696
8697
8698
30076
30077
8699
30078
8700
8701
30080
30081
8703
30082
8704
30083
8705
30084
8706
30085
30086
8707
30087
8708
8709
30088
8710
30089
8711
30090
8712
30091
8713
30092
8714
30094
30095
8715
30096
8716
30097
30098
8717
30099
30100
8718
30101
8719
30102
8720
30104
8721
30105
30106
8722
30107
8723
30108
8724
30109
8725
30110
8726
30111
8727
30112
8728
30113
8730
30114
8731
8732
8733
8734
30115
8735
30116
8736
30118
8737
30119
8738
30120
8739
30121
8740
30122
8741
30123
8742
30124
8743
30125
8744
30126
8745
30127
8746
30129
8747
30130
8748
30131
8749
30132
8750
30133
8751
30134
8752
30135
8753
30136
8754
30137
8755
30138
8756
30140
8757
30141
8758
30142
8759
30143
8761
30144
8762
30145
8763
30146
8764
30147
8765
30148
8766
30149
8767
30150
8768
8769
30151
8770
30152
30154
8771
30155
8772
30156
8773
30157
8774
8776
30158
8777
30159
8778
30160
8779
30161
8780
30162
8781
30163
8782
30164
8783
30165
8784
30166
8785
30168
8786
30169
8787
30170
8788
30171
8789
30172
8790
30173
8791
30174
8792
8793
30175
8794
30176
30177
8795
30179
8796
30180
8797
30181
8798
30182
8799
30183
8800
30184
8802
30185
8803
30187
30188
8804
30189
8805
30190
8806
30191
8807
30192
8808
30193
8809
30194
8810
30195
8811
30196
8812
30199
8813
30200
8814
30201
8815
30202
8816
30203
8817
30204
8818
30205
8819
30206
8820
30207
8821
30208
8822
30209
8823
30211
8824
30212
8825
30213
8826
30214
8827
30215
8828
8829
30216
8830
30217
8831
30218
30219
8832
30221
8833
30222
8834
30223
8835
30224
8836
30225
8837
30226
8839
30227
8840
8841
30228
8842
8843
30229
8844
30230
8845
30231
8846
30232
8847
30233
8848
30234
8849
30235
8850
30236
8851
30238
8852
30239
8853
30240
30241
8854
8855
30242
8857
30243
8858
30244
8859
30246
8860
30247
8861
30248
8862
30249
8863
30250
8864
30251
30252
8865
30253
8866
30254
8867
30255
8868
30257
8869
30258
8870
30259
8871
30260
30261
30262
30263
8881
30264
8882
30265
30266
8883
30267
8884
8885
30268
8886
30269
8887
30270
8888
30272
8889
30273
8890
30274
30275
30276
30277
30278
30279
30280
30281
30282
30283
30285
30286
30287
30288
30289
30290
30291
30292
30293
30294
30296
30297
30298
30299
30300
30301
30302
30303
30305
30306
30307
30308
30309
30310
30311
30312
30313
30314
30315
30316
30317
30318
30320
30321
30322
30323
30324
30325
30326
30327
30328
30329
30330
30331
30333
30334
30335
30336
30337
30338
30339
30341
30342
30343
30344
30345
30346
30347
30348
30349
30350
30351
30353
30354
30355
30356
30357
30358
51581
30359
30360
51582
30361
51583
30362
51584
51585
30363
30365
30366
51586
51587
51589
51590
51591
51592
51594
51595
51596
51597
51598
51599
51600
51602
51603
51604
51605
51606
51607
51608
51609
51610
51612
51613
51614
51615
51616
51617
51618
51619
51620
51621
51622
51623
51624
51625
51627
51628
51629
51630
51631
51632
51633
51634
51635
51637
51638
51639
51640
51641
51642
51644
51645
51646
51647
51648
51649
51650
51652
51654
51655
51656
51657
51658
51659
51660
51661
51662
51664
51666
51667
51668
51669
51670
51671
51672
51673
51674
51675
51676
51678
51679
51680
51681
51682
51683
51684
51685
51687
51688
51689
51690
51691
51692
51693
51694
51696
51697
51698
51699
51700
51701
51702
51703
51704
51706
51707
51708
51709
51710
51711
51712
51713
51714
51715
51716
51718
51719
51720
51721
51722
51723
51724
